at_time(sec), nonNLP_percentage, insect_percentage, poison_percentage, insecticide_percentage
0, 0.245283, 0.754717, 0, 0
0.104332, 0.174, 0.826, 0, 0
0.208774, 0.174, 0.826, 0, 0
0.323275, 0.272, 0.728, 0, 0
0.432733, 0.386, 0.614, 0, 0
0.541587, 0.408, 0.592, 0, 0
0.650585, 0.408, 0.592, 0, 0
0.759996, 0.418, 0.582, 0, 0
0.867372, 0.426, 0.574, 0, 0
0.975346, 0.448, 0.552, 0, 0
1.08789, 0.578, 0.422, 0, 0
1.20023, 0.652, 0.348, 0, 0
1.31915, 0.652, 0.348, 0, 0
1.43338, 0.652, 0.348, 0, 0
1.55066, 0.636, 0.364, 0, 0
1.66708, 0.63, 0.37, 0, 0
1.78557, 0.632, 0.368, 0, 0
1.90285, 0.584, 0.416, 0, 0
2.01871, 0.572, 0.428, 0, 0
2.13299, 0.572, 0.428, 0, 0
2.2568, 0.51, 0.49, 0, 0
2.37391, 0.51, 0.49, 0, 0
2.49273, 0.494, 0.506, 0, 0
2.60969, 0.494, 0.506, 0, 0
2.72576, 0.494, 0.506, 0, 0
2.85138, 0.494, 0.506, 0, 0
2.98509, 0.48, 0.52, 0, 0
3.10317, 0.48, 0.52, 0, 0
3.21806, 0.464, 0.536, 0, 0
3.33804, 0.46, 0.54, 0, 0
3.38722, 0.456, 0.544, 0, 0
3.51193, 0.456, 0.544, 0, 0
3.63896, 0.462, 0.538, 0, 0
3.77135, 0.496, 0.504, 0, 0
3.89395, 0.468, 0.532, 0, 0.01
4.01659, 0.47, 0.53, 0, 0.018
4.14197, 0.47, 0.53, 0, 0.006
4.26763, 0.468, 0.532, 0, 0
4.38896, 0.472, 0.528, 0, 0
4.51202, 0.464, 0.536, 0, 0
4.63845, 0.462, 0.538, 0, 0
4.7664, 0.46, 0.54, 0, 0
4.89143, 0.454, 0.546, 0, 0
5.01821, 0.45, 0.55, 0, 0
5.14124, 0.452, 0.548, 0, 0
5.26569, 0.428, 0.572, 0, 0
5.38895, 0.428, 0.572, 0, 0
5.51757, 0.428, 0.572, 0, 0
5.66319, 0.428, 0.572, 0, 0
5.78917, 0.428, 0.572, 0, 0
5.91707, 0.428, 0.572, 0, 0
6.04106, 0.428, 0.572, 0, 0
6.17268, 0.428, 0.572, 0, 0
6.31048, 0.436, 0.564, 0, 0
6.43295, 0.436, 0.564, 0, 0
6.55727, 0.438, 0.562, 0, 0
6.68954, 0.438, 0.562, 0, 0
6.81529, 0.438, 0.562, 0, 0
6.94146, 0.438, 0.562, 0, 0
7.08129, 0.438, 0.562, 0, 0
7.20905, 0.438, 0.562, 0, 0
7.33981, 0.438, 0.562, 0, 0
7.46583, 0.438, 0.562, 0, 0
7.61497, 0.438, 0.562, 0, 0
7.75281, 0.438, 0.562, 0, 0
7.91314, 0.432, 0.568, 0, 0
8.04946, 0.418, 0.582, 0, 0
8.18265, 0.418, 0.582, 0, 0
8.30855, 0.418, 0.582, 0, 0
8.43798, 0.418, 0.582, 0, 0
8.57601, 0.418, 0.582, 0, 0
8.71112, 0.412, 0.588, 0, 0
8.85701, 0.406, 0.594, 0, 0
8.99143, 0.392, 0.608, 0, 0
9.14575, 0.386, 0.614, 0, 0
9.28132, 0.376, 0.624, 0, 0
9.41524, 0.37, 0.63, 0, 0
9.58195, 0.372, 0.628, 0, 0
9.7082, 0.372, 0.628, 0, 0
9.84853, 0.372, 0.628, 0, 0
10.0336, 0.372, 0.628, 0, 0
10.1623, 0.372, 0.628, 0, 0
10.2703, 0.372, 0.628, 0, 0
10.4193, 0.372, 0.628, 0, 0
10.5592, 0.372, 0.628, 0, 0
10.7347, 0.372, 0.628, 0, 0
10.9219, 0.372, 0.628, 0, 0
11.0665, 0.372, 0.628, 0, 0
11.2061, 0.372, 0.628, 0, 0
11.3493, 0.372, 0.628, 0, 0
11.5035, 0.372, 0.628, 0, 0
11.6508, 0.372, 0.628, 0, 0
11.8236, 0.372, 0.628, 0, 0
11.9694, 0.372, 0.628, 0, 0
12.1105, 0.372, 0.628, 0, 0
12.2821, 0.372, 0.628, 0, 0
12.4266, 0.372, 0.628, 0, 0
12.5739, 0.372, 0.628, 0, 0
12.7234, 0.376, 0.624, 0, 0
12.9043, 0.386, 0.614, 0, 0.002
13.1116, 0.378, 0.622, 0, 0
13.2519, 0.376, 0.624, 0, 0
13.4355, 0.372, 0.628, 0, 0
13.584, 0.378, 0.622, 0, 0
13.7355, 0.372, 0.628, 0, 0.008
13.8958, 0.37, 0.63, 0, 0
14.0261, 0.374, 0.626, 0, 0
14.238, 0.364, 0.636, 0, 0.014
14.3993, 0.358, 0.642, 0, 0.016
14.5674, 0.38, 0.62, 0, 0.028
14.7204, 0.374, 0.626, 0, 0.006
14.9326, 0.374, 0.626, 0, 0
15.0906, 0.362, 0.638, 0, 0
15.2862, 0.362, 0.638, 0, 0
15.4415, 0.342, 0.658, 0, 0
15.6454, 0.344, 0.656, 0, 0
15.801, 0.344, 0.656, 0, 0
15.9696, 0.344, 0.656, 0, 0
16.1562, 0.34, 0.66, 0, 0
16.3771, 0.34, 0.66, 0, 0
16.5347, 0.354, 0.646, 0, 0
16.6885, 0.354, 0.646, 0, 0
16.8881, 0.342, 0.658, 0, 0
17.1383, 0.334, 0.666, 0, 0
17.309, 0.33, 0.67, 0, 0
17.5215, 0.33, 0.67, 0, 0
17.6839, 0.33, 0.67, 0, 0
17.9077, 0.33, 0.67, 0, 0
18.0779, 0.356, 0.644, 0, 0
18.3245, 0.356, 0.644, 0, 0
18.4692, 0.354, 0.646, 0, 0
18.6129, 0.354, 0.646, 0, 0
18.8558, 0.35, 0.65, 0, 0
19.0191, 0.346, 0.654, 0, 0
19.1943, 0.346, 0.654, 0, 0
19.4022, 0.346, 0.654, 0, 0
19.6138, 0.346, 0.654, 0, 0
19.8521, 0.346, 0.654, 0, 0
20.0411, 0.344, 0.656, 0, 0
20.3138, 0.342, 0.658, 0, 0
20.5006, 0.344, 0.656, 0, 0
20.6862, 0.344, 0.656, 0, 0
20.8959, 0.336, 0.664, 0, 0
21.1063, 0.332, 0.668, 0, 0
21.3256, 0.326, 0.674, 0, 0
21.4916, 0.322, 0.678, 0, 0
21.7254, 0.322, 0.678, 0, 0
21.9105, 0.322, 0.678, 0, 0
22.0771, 0.314, 0.686, 0, 0
22.2812, 0.306, 0.694, 0, 0
22.5151, 0.292, 0.708, 0, 0
22.6983, 0.292, 0.708, 0, 0
22.9118, 0.288, 0.712, 0, 0
23.1337, 0.294, 0.706, 0, 0
23.3797, 0.296, 0.704, 0, 0
23.6963, 0.294, 0.706, 0, 0
24.0047, 0.308, 0.692, 0, 0
24.1907, 0.304, 0.696, 0, 0.002
24.4176, 0.314, 0.686, 0, 0
24.6875, 0.318, 0.682, 0, 0
24.9002, 0.322, 0.678, 0, 0.012
25.1586, 0.318, 0.682, 0, 0
25.4, 0.326, 0.674, 0, 0
25.6297, 0.332, 0.668, 0, 0
25.8611, 0.336, 0.664, 0, 0
26.0513, 0.338, 0.662, 0, 0
26.275, 0.338, 0.662, 0, 0
26.4633, 0.334, 0.666, 0, 0
26.6655, 0.334, 0.666, 0, 0
26.9399, 0.334, 0.666, 0, 0
27.1421, 0.334, 0.666, 0, 0
27.3522, 0.336, 0.664, 0, 0
27.4593, 0.336, 0.664, 0, 0
27.7144, 0.336, 0.664, 0, 0
27.9008, 0.336, 0.664, 0, 0
28.1867, 0.336, 0.664, 0, 0
28.383, 0.336, 0.664, 0, 0
28.6958, 0.336, 0.664, 0, 0
28.9045, 0.336, 0.664, 0, 0
29.1391, 0.336, 0.664, 0, 0
29.3442, 0.324, 0.676, 0, 0
29.6495, 0.324, 0.676, 0, 0.002
29.9262, 0.332, 0.668, 0, 0.036
30.1376, 0.332, 0.668, 0, 0.016
30.4547, 0.334, 0.666, 0, 0
30.7669, 0.314, 0.686, 0, 0
30.9932, 0.314, 0.686, 0, 0
31.1996, 0.314, 0.686, 0, 0
31.4674, 0.314, 0.686, 0, 0
31.6939, 0.314, 0.686, 0, 0
31.9403, 1, 0.686, 0, 0
32.1639, 1, 0.686, 0, 0
32.3823, 1, 0.686, 0, 0
32.513, 1, 0.686, 0, 0
32.7301, 1, 0.686, 0, 0
32.9255, 1, 0.686, 0, 0
33.1181, 1, 0.686, 0, 0
33.3387, 1, 0.686, 0, 0
33.5463, 1, 0.696, 0, 0
33.7633, 1, 0.702, 0, 0
33.9724, 1, 0.704, 0, 0
34.1936, 1, 0.704, 0, 0
34.3923, 1, 0.706, 0, 0
34.6207, 1, 0.71, 0, 0
34.8398, 1, 0.714, 0, 0
35.0598, 1, 0.714, 0, 0
35.2959, 1, 0.714, 0, 0
35.5179, 1, 0.714, 0, 0
35.7311, 1, 0.714, 0, 0
35.9565, 1, 0.714, 0, 0
36.0969, 1, 0.714, 0, 0
36.3251, 1, 0.718, 0, 0
36.5542, 1, 0.718, 0, 0
36.7787, 1, 0.728, 0, 0
37.0179, 1, 0.728, 0, 0
37.2455, 1, 0.73, 0, 0
37.4724, 1, 0.728, 0, 0
37.6954, 1, 0.73, 0, 0
37.9267, 1, 0.73, 0, 0
38.1508, 1, 0.728, 0, 0
38.3673, 1, 0.73, 0, 0
38.6086, 1, 0.73, 0, 0
38.8456, 1, 0.73, 0, 0
39.0743, 1, 0.73, 0, 0
39.2932, 1, 0.73, 0, 0
39.5357, 1, 0.73, 0, 0
39.7787, 1, 0.73, 0, 0
39.9909, 1, 0.73, 0, 0
40.2102, 1, 0.73, 0, 0
40.4201, 1, 0.73, 0, 0
40.6526, 1, 0.73, 0, 0
40.8532, 1, 0.732, 0, 0
41.0619, 1, 0.73, 0, 0
41.2797, 1, 0.73, 0, 0
41.5655, 1, 0.732, 0, 0
41.7663, 1, 0.728, 0, 0
42.0431, 1, 0.734, 0, 0
42.3206, 1, 0.736, 0, 0
42.5778, 1, 0.734, 0, 0
42.838, 1, 0.738, 0, 0
43.1149, 1, 0.74, 0, 0
43.3613, 1, 0.74, 0, 0
43.6095, 1, 0.738, 0, 0
43.8894, 1, 0.738, 0, 0
44.1145, 1, 0.74, 0, 0
44.3721, 1, 0.736, 0, 0
44.6422, 1, 0.738, 0, 0
44.9027, 1, 0.738, 0, 0
45.1219, 1, 0.738, 0, 0
45.3599, 1, 0.738, 0, 0
45.631, 1, 0.736, 0, 0
45.8835, 1, 0.736, 0, 0
46.147, 1, 0.736, 0, 0
46.358, 1, 0.736, 0, 0
46.6132, 1, 0.736, 0, 0
46.8563, 1, 0.736, 0, 0
47.0865, 1, 0.736, 0, 0
47.3429, 1, 0.726, 0, 0
47.5549, 1, 0.726, 0, 0
47.7701, 1, 0.72, 0, 0
48.0431, 1, 0.72, 0, 0
48.3071, 1, 0.724, 0, 0
48.5237, 1, 0.724, 0, 0
48.7551, 1, 0.718, 0, 0
49.0616, 1, 0.72, 0, 0
49.3127, 1, 0.718, 0, 0
49.5471, 1, 0.714, 0, 0.002
49.7806, 1, 0.714, 0, 0.002
50.0702, 1, 0.712, 0, 0.002
50.3413, 1, 0.706, 0, 0.008
50.6684, 1, 0.7, 0, 0.012
50.9418, 1, 0.696, 0, 0.018
51.2493, 1, 0.682, 0, 0.002
51.5645, 1, 0.688, 0, 0
51.824, 1, 0.674, 0, 0
52.0575, 1, 0.676, 0, 0
52.3224, 1, 0.676, 0, 0
52.5643, 1, 0.676, 0, 0
52.7963, 1, 0.676, 0, 0
53.0223, 1, 0.678, 0, 0.002
53.3202, 1, 0.69, 0, 0.008
53.6286, 1, 0.678, 0, 0.018
53.9425, 1, 0.682, 0, 0.022
54.2382, 1, 0.692, 0, 0.006
54.5041, 1, 0.69, 0, 0.006
54.7705, 1, 0.69, 0, 0.006
55.0345, 1, 0.696, 0, 0.004
55.2878, 1, 0.716, 0, 0
55.5706, 1, 0.72, 0, 0
55.8567, 1, 0.724, 0, 0
56.1227, 1, 0.724, 0, 0
56.4541, 1, 0.724, 0, 0
56.749, 1, 0.724, 0, 0
57.0307, 1, 0.724, 0, 0
57.3433, 1, 0.724, 0, 0
57.6154, 1, 0.724, 0, 0
57.9181, 1, 0.724, 0, 0
58.1897, 1, 0.724, 0, 0
58.4493, 1, 0.728, 0, 0
58.7095, 1, 0.734, 0, 0
58.9737, 1, 0.74, 0, 0
59.2814, 1, 0.74, 0, 0
59.5438, 1, 0.74, 0, 0
59.8392, 1, 0.74, 0, 0
60.1157, 1, 0.74, 0, 0
60.3794, 1, 0.74, 0, 0
60.6376, 1, 0.74, 0, 0
60.9566, 1, 0.742, 0, 0
61.2504, 1, 0.742, 0, 0
61.5065, 1, 0.744, 0, 0
61.8045, 1, 0.744, 0, 0
62.1265, 1, 0.744, 0, 0
62.4297, 1, 0.746, 0, 0
62.6971, 1, 0.746, 0, 0
62.9764, 1, 0.746, 0, 0
63.2307, 1, 0.744, 0, 0.022
63.4922, 1, 0.748, 0, 0.022
63.7665, 1, 0.748, 0, 0.022
64.0517, 1, 0.748, 0, 0.022
64.31, 1, 0.748, 0, 0.022
64.6154, 1, 0.748, 0, 0.022
64.9411, 1, 0.75, 0, 0.022
65.2038, 1, 0.748, 0, 0.022
65.5253, 1, 0.748, 0, 0.022
65.8022, 1, 0.748, 0, 0.022
66.1506, 1, 0.75, 0, 0.022
66.4214, 1, 0.75, 0, 0.022
66.7188, 1, 0.75, 0, 0.022
66.9793, 1, 0.75, 0, 0.022
67.2431, 1, 0.75, 0, 0.022
67.564, 1, 0.748, 0, 0.022
67.8191, 1, 0.746, 0, 0.022
